0.000102997
0.000103474
0.000103474
0.000103712
0.000103951
0.000103951
0.000103951
0.000104189
0.000104427
0.000104427
0.000104427
0.000104427
0.000104427
0.000104427
0.000104427
0.000104666
0.000104666
0.000104904
0.000104904
0.000104904
0.000105143
0.000105143
0.000105143
0.000105381
0.000105381
0.000105619
0.000106335
0.000106335
0.000106335
0.000106335
0.000106573
0.000106812
0.000106812
0.000106812
0.00010705
0.00010705
0.00010705
0.00010705
0.000107288
0.000107527
0.000107527
0.000107527
0.000107765
0.000107765
0.000107765
0.000107765
0.000108004
0.000108242
0.00010848
0.000108719
0.000108719
0.000111103
0.00011158
0.000111818
0.000132561
0.000135183
0.00013876
0.000138998
0.000139236
0.000139236
0.000139236
0.000139475
0.000139475
0.000139713
0.000139952
0.000139952
0.000139952
0.000139952
0.00014019
0.00014019
0.00014019
0.00014019
0.000140429
0.000140429
0.000140667
0.000140905
0.000141144
0.000141382
0.000141621
0.000141621
0.000141859
0.000142336
0.000142813
0.000143528
0.000143528
0.000143766
0.000144005
0.000144005
0.000144243
0.000144482
0.00014472
0.00014472
0.00014472
0.000145197
0.000145197
0.000145197
0.000145197
0.000145435
0.000145435
0.000145435
0.000145435
0.000145435
0.000145674
0.000145674
0.000145674
0.000145674
0.000146151
0.000146389
0.000147104
0.000147581
0.00014925
0.000155687
0.00016284
0.000163317
0.000164032
0.000164032
0.000164032
0.000164509
0.000164747
0.000164747
0.000164986
0.000165224
0.000165224
0.000165701
0.000166655
0.000169992
0.000204563
0.000204802
0.000205755
0.00020647
0.000207424
0.000208139
0.000210047
0.000210285
0.000210285
0.000210762
0.000212193
0.000212908
0.000214815
0.000231028
0.000242472
0.00029254
0.000295639
0.000296116
0.000296354
0.000297308
0.000299454
0.000299931
0.000331402
0.000332594
0.000332832
0.000332832
0.000333071
0.000333071
0.000333071
0.000333071
0.000333309
0.000333309
0.000333309
0.000333548
0.000333548
0.000333548
0.000333786
0.000334024
0.000334024
0.000334024
0.000334263
0.000334263
0.000334263
0.000334501
0.000335217
0.000335693
0.000335932
0.000335932
0.000337124
0.000337362
0.000338793
0.00033927
0.000339746
0.000341415
0.000343561
0.00034523
0.000357866
0.000375986
0.000390768
0.000552416
0.000571966
0.000572443
0.00057292
0.000573397
0.000574589
0.000574589
0.000574589
0.000575304
0.000599623
0.000601292
0.000697613
0.00069809
0.000698328
0.000698566
0.000699043
0.000699759
0.000700235
0.000700235
0.000700474
0.000700951
0.000700951
0.000700951
0.000701189
0.000701666
0.000701904
0.000701904
0.000702381
0.000702381
0.000702381
0.00070262
0.000704288
0.000704765
0.000705004
0.000705242
0.000705242
0.000705481
0.000705719
0.000706911
0.00101233
0.00101304
0.00101542
0.00101542
0.00101566
0.0010159
0.0010159
0.00101614
0.00101614
0.00101638
0.00101638
0.00101662
0.00101709
0.00101757
0.00101805
0.00101995
0.00102019
0.00102043
0.00102067
0.00102067
0.00102234
0.00102258
0.00102258
0.00102282
0.00102282
0.00102305
0.00102353
0.00102377
0.00102377
0.00102401
0.00102401
0.00102425
0.00102472
0.0010252
0.00102544
0.00102592
0.00102806
0.00102949
0.00103045
0.00103188
0.00103283
0.00103331
0.0010345
0.0010345
0.00103498
0.00103593
0.00103617
0.00103617
0.00103641
0.00103712
0.0010376
0.0010376
0.00103998
0.00104189
0.00105095
0.00105524
0.00108814
0.00108814
0.00110769
0.00111103
0.0011158
0.00112629
0.00112748
0.00112987
0.00113177
0.00113225
0.00113297
0.00113416
0.0011344
0.00113463
0.00113535
0.00113535
0.00113559
0.00113606
0.0011363
0.0011375
0.00114489
0.0011487
0.00115037
0.00115347
0.00115538
0.00115776
0.00116205
0.00116229
0.00116277
0.00116658
0.00119925
0.00119996
0.00120044
0.00120091
0.00120115
0.00120115
0.00120163
0.00120163
0.00120187
0.00120234
0.00120234
0.00120234
0.00120282
0.00120306
0.0012033
0.00120401
0.00120425
0.00120449
0.00120497
0.00120521
0.00120521
0.00120616
0.0012064
0.00120664
0.00120687
0.00120711
0.00120735
0.00121737
0.00122094
0.00122094
0.00122166
0.00122619
0.00132799
0.00132871
0.00132918
0.00133252
0.00133634
0.00133657
0.00133777
0.00134349
0.0015521
0.00155926
0.00156093
0.00204062
0.00211787
0.00216627
0.00225449
0.00238562
0.00245786
0.00259137
0.00259662
0.00261307
0.00279188
